11111 ’11

.· 1. lagaeam 23 lwtxevrss‘m .58

81811111 381 Xynium 191
1114111171 811131 149 81111811411141811111 39² 8911841113418419111356
myntza, 297 8111111481111 381,414 8711141111ιῆ 357
7114811491 125 8111911118 25 87141181170, 283, 294,
1711118 315, 354 81119νηῖ11111 17, 389 391
9111118811 36 8181111111181 18911 300 871411171311141141118181
98111111,9111111 388 811ξ18111194114141811 420 8911481111 177, 270
1111111111 11 81111 M ,11 1111111111
· 1 · 1
98181χ411 141 4111, 8111 181. 88111111 8911181811
9881414111 173 8811 88911111 196. du· 87χ ’111411
9118411118 151. plex 357. {messa
γιῦ41μ113891ῧ111 167 8111111811 11811111χῦ1 λί- 88114118 ⁴
9118414111 81118 9 91111181. 18187. 88114181
9141118111 54 811111811118181111 187 881181 129
9141111081 94 8111181811 216 18881111 ἇλλῆλνς 318
9811 1111841111 8317111 389 8111811411 210 18111181 4²¹
γ4141411111181 60 8111111419188 27,179 18811411818181181 431
8111111489114111 210 184111, 1841111811 73, 171
81111111 981 204 184111811811 172
Δ. 81111111 818911 453 181 86114111 455
81111181,1311111881χ11811196 ix 7111τῆ1 316, 354
61111810 385 8111111181 246 811 1111148 8181811 386
8111118111 8181881111 287 88111118 206 ln 14111181 381
8111111181 158 6114168111 112,217 81181881 82
8118181 54, 56, 70, 111 8111181981 369 81117χ18ζ111 296
8118181111 68, 220 81149881111888188111 407 81161111 83
8111818141118111 288 8148111181 189, 193 11118111811171111 215
811118 258 811491111818811111 198 8111111181 'ff λ1911418 270
8111811111 259 81148ζ118114110 8114181811 ’811114 112, 268
8114181 190 ,47 8181111 216
81111111818811111 207 'urbem 276 811181 181,11’11111” 214
8181141118181 79 81114118ζ11118111 123 8811111111ιό1 218, 223
8111184111 338 8111118111 291 ‘Eum 79
Δηλ111118181894141411 28 8181911811 189 8111884111 27, 75,131
814111478411111 “ 5 ”Ea 18 91,255 881181418131 70,131
814178411111 80 8181111181 260 8811891411 175
Δ1141181111 ⁸ 298 81111118 140 &mageima 411
8111141181 349 811811 207 8414111181 1118ζ111 173
8141114111ιᾶ 191 8188111, 8418117411 84711111 8414111111κὰ 304. 11481191-
, 8187414412 95 “ 161 spo? 270. ,νῇ 88ξῃ 301
8117414181 69 8181111181 189 Ἐ4111811ι81ἤ1 279, 321
81191981 172 8414111181 40 8411818111 wa} 8114918111
8118818111 45 86114111 817481 62 36
81881111 71 81171181 19 8411881411 312
8111411181 64 81118118811111 164 8411188111 127,313,400
tanum 63 8811λ111 111 8411881111ιῖ181144118111426
811λ14ιβᾶ1111 248 8811411 73, 166 8411188111 148 9411ιῖ1 18 8181-
81186411111 36 8181121811 73,166 118 307
81111λᾶ1111 11181 8181118111 8611111111 301 8118411181 311
8168188181ᾜψᾚ375Ι 376 888Ξ84ι1881ι181 1118 85, 39369. witzam
811114181111161881111 26 1811811181111356. 18 8μφι1ἰζ111
Ι 814191181118811 321 18174481 447. imai}
81114111181 204 8184114111 19, 81111811
811111111181 88111111 194, ’8111118111
198 'Hoplea‘ 442
8111111118 84151 23 3 Ε. 8111811 mair 8χ111 446
811111111188411118 47, 49 811111ὲί141 112
8111114118 192 ’8771811 189 8ξ1114188181 16
81116111481818411 440 891111118111 186 8ξ111418881 41, 43, 425

 

